[/opt/splunk/var/log/splunk/git_for_splunk_gitforsplunk.log_Sun_Jul_17_12:37:18_2022_939220332]
L---_::,__EQ_ = 0.906475
_source = /opt/splunk/var/log/splunk/git_for_splunk_gitforsplunk.log
_sourcetype = git_for_splunk_gitforsplunk-2
default = 0.007194
file = 0.007194
info = 0.007194
level = 0.007194
log = 0.007194
mainthread = 0.007194
not = 0.007194
pid = 0.007194
set = 0.007194
setup = 0.007194
tid = 0.007194
use = 0.007194
util = 0.007194
