[assist/metadata]
version = 9.0.0
modtime = 1657884606.329502000

[assist/ui]
version = 9.0.0
modtime = 1657884607.993824000

[assist/updates]
version = 9.0.0
modtime = 1657884867.149905000

[assist/supervisor]
version = 9.0.0
modtime = 1657884867.161031000
